43 34
21 7
1
0
0 0
1	1	1	1	1	1	1	1	1	1	1	1	1	1	1	1	1	1	1	1	1	1	1	1	1	1	1	1	1	1	1	1	1	1	1	1	1	1	1	1	1	1	1	
1	1	1	1	1	1	1	1	1	1	1	1	1	1	1	1	1	1	1	1	1	1	1	1	1	1	1	1	1	1	1	1	1	1	1	1	1	1	1	1	1	1	1	
1	1	1	1	1	1	1	1	1	1	1	1	1	1	1	1	1	1	1	1	1	1	1	1	1	1	1	1	1	1	1	1	1	1	1	1	1	1	1	1	1	1	1	
1	1	1	1	1	1	1	1	1	1	34	34	34	34	34	34	34	34	34	34	34	34	34	34	34	34	34	34	34	34	34	34	34	1	1	1	1	1	1	1	1	1	1
1	1	1	1	1	1	1	1	1	1	34	35	35	35	35	35	35	35	35	35	35	35	35	35	35	35	35	35	35	35	35	35	34	1	1	1	1	1	1	1	1	1	1	
1	1	1	1	1	1	1	1	1	1	34	35	35	35	35	35	35	35	35	35	35	35	35	35	35	35	35	35	35	35	35	35	34	1	1	1	1	1	1	1	1	1	1	
1	1	1	1	1	1	1	1	1	1	34	35	35	35	35	35	35	35	35	35	35	35	35	35	35	35	35	35	35	35	35	35	34	1	1	1	1	1	1	1	1	1	1	
1	1	1	1	1	1	1	1	1	1	34	40	40	40	40	40	40	40	40	40	40	40	40	40	40	40	40	40	40	40	40	40	34	1	1	1	1	1	1	1	1	1	1	
1	1	1	1	1	1	1	1	1	1	34	40	40	40	40	40	40	40	40	40	40	40	40	40	40	40	40	40	40	40	40	40	34	1	1	1	1	1	1	1	1	1	1	
1	1	1	1	1	1	1	1	1	1	34	40	40	40	40	40	40	40	40	40	40	40	40	40	40	40	40	40	40	40	40	40	34	1	1	1	1	1	1	1	1	1	1	
1	1	1	1	1	1	1	1	1	1	34	40	40	40	40	40	40	40	40	40	40	40	40	40	40	40	40	40	40	40	40	40	34	1	1	1	1	1	1	1	1	1	1	
1	1	1	1	1	1	1	1	1	1	34	40	40	40	40	40	40	40	40	40	40	40	40	40	40	40	40	40	40	40	40	40	34	1	1	1	1	1	1	1	1	1	1	
1	1	1	1	1	1	1	1	1	1	34	40	40	40	40	40	40	40	34	40	40	40	40	40	34	40	40	40	40	40	40	40	34	1	1	1	1	1	1	1	1	1	1
1	1	1	1	1	1	1	1	1	1	34	40	40	40	40	40	40	40	34	40	40	40	40	40	34	40	40	40	40	40	40	40	34	1	1	1	1	1	1	1	1	1	1
1	1	1	1	1	1	1	1	1	1	34	40	40	40	40	40	40	40	34	40	40	40	40	40	34	40	40	40	40	40	40	40	34	1	1	1	1	1	1	1	1	1	1
1	1	1	1	1	1	1	1	1	1	34	40	40	40	40	40	40	40	34	40	40	40	40	40	34	40	40	40	40	40	40	40	34	1	1	1	1	1	1	1	1	1	1
1	1	1	34	34	34	34	34	34	34	34	40	40	40	40	40	40	40	34	40	40	40	40	40	34	40	40	40	40	40	40	40	34	34	34	34	34	34	34	34	1	1	1
1	1	1	34	35	35	35	35	35	35	35	40	40	40	40	40	40	40	34	40	40	40	40	40	34	40	40	40	40	40	40	40	35	35	35	35	35	35	35	34	1	1	1
1	1	1	34	35	35	35	35	35	35	35	40	40	40	40	40	40	40	34	34	34	34	34	34	34	40	40	40	40	40	40	40	35	35	35	35	35	35	35	34	1	1	1
1	1	1	34	35	35	35	35	35	35	35	40	40	40	40	40	40	40	34	1	1	1	1	1	34	40	40	40	40	40	40	40	35	35	35	35	35	35	35	34	1	1	1
1	1	1	34	40	40	40	40	40	40	40	40	40	40	40	40	40	40	34	1	1	1	1	1	34	40	40	40	40	40	40	40	40	40	40	40	40	40	40	34	1	1	1
1	1	1	34	40	40	40	40	40	40	40	40	40	40	40	40	40	40	34	1	1	1	1	1	34	40	40	40	40	40	40	40	40	40	40	40	40	40	40	34	1	1	1
1	1	1	34	40	40	40	40	40	40	40	40	40	40	40	40	40	40	34	1	1	1	1	1	34	40	40	40	40	40	40	40	40	40	40	40	40	40	40	34	1	1	1
1	1	1	34	40	40	40	40	40	40	40	40	40	40	40	40	40	40	34	1	1	1	1	1	34	40	40	40	40	40	40	40	40	40	40	40	40	40	40	34	1	1	1
1	1	1	34	40	40	40	40	40	40	40	40	40	40	40	40	40	40	34	1	1	1	1	1	34	40	40	40	40	40	40	40	40	40	40	40	40	40	40	34	1	1	1
1	1	1	34	40	40	40	40	40	40	40	40	40	40	40	40	40	40	34	1	1	1	1	1	34	40	40	40	40	40	40	40	40	40	40	40	40	40	40	34	1	1	1
1	1	1	34	40	40	40	40	40	40	40	40	40	40	40	40	40	40	34	1	1	1	1	1	34	40	40	40	40	40	40	40	40	40	40	40	40	40	40	34	1	1	1
1	1	1	34	40	40	40	40	40	40	40	40	40	40	40	40	40	40	34	1	1	1	1	1	34	40	40	40	40	40	40	40	40	40	40	40	40	40	40	34	1	1	1
1	1	1	34	40	40	40	40	40	40	40	40	40	40	40	40	40	40	34	1	1	1	1	1	34	40	40	40	40	40	40	40	40	40	40	40	40	40	40	34	1	1	1
1	1	1	34	40	40	40	40	40	40	40	40	40	40	40	40	40	40	34	1	1	1	1	1	34	40	40	40	40	40	40	40	40	40	40	40	40	40	40	34	1	1	1
1	1	1	34	34	34	34	34	34	34	34	34	34	34	34	34	34	34	34	1	1	1	1	1	34	34	34	34	34	34	34	34	34	34	34	34	34	34	34	34	1	1	1
1	1	1	1	1	1	1	1	1	1	1	1	1	1	1	1	1	1	1	1	1	1	1	1	1	1	1	1	1	1	1	1	1	1	1	1	1	1	1	1	1	1	1	
1	1	1	1	1	1	1	1	1	1	1	1	1	1	1	1	1	1	1	1	1	1	1	1	1	1	1	1	1	1	1	1	1	1	1	1	1	1	1	1	1	1	1	
1	1	1	1	1	1	1	1	1	1	1	1	1	1	1	1	1	1	1	1	1	1	1	1	1	1	1	1	1	1	1	1	1	1	1	1	1	1	1	1	1	1	1	
617 21 6
36