43 39
27 12
1
18
0 0
1	1	1	1	1	1	1	1	1	1	1	1	1	1	1	1	1	1	1	1	1	1	1	1	1	1	1	1	1	1	1	1	1	1	1	1	1	1	1	1	1	1	1
1	1	1	1	1	1	1	1	1	1	1	1	1	1	1	1	1	1	1	1	1	1	1	1	1	1	1	1	1	1	1	1	1	1	1	1	1	1	1	1	1	1	1
1	1	1	1	1	1	1	1	1	1	1	1	1	1	1	1	1	1	1	1	1	1	1	1	1	1	1	1	1	1	1	1	1	1	1	1	1	1	1	1	1	1	1
1	1	1	28	28	28	28	28	28	28	28	28	28	28	28	28	28	28	28	28	28	28	28	28	28	28	28	28	28	28	28	28	28	28	28	28	28	28	28	28	1	1	1
1	1	1	28	28	28	28	28	28	28	28	28	28	28	28	28	28	28	28	28	28	28	28	28	28	28	28	28	28	28	28	28	28	28	28	28	28	28	28	28	1	1	1
1	1	1	28	28	28	28	28	28	28	28	28	28	28	28	28	28	28	28	28	28	28	28	28	28	28	28	28	28	28	28	28	28	28	28	28	28	28	28	28	1	1	1
1	1	1	28	28	28	28	28	28	28	28	28	28	28	28	28	28	28	28	28	28	28	28	28	28	28	28	28	28	28	28	28	28	28	28	28	28	28	28	28	1	1	1
1	1	1	28	28	28	28	28	28	28	28	28	28	28	28	28	28	28	28	28	28	28	28	28	28	28	28	28	28	28	28	28	28	28	28	28	28	28	28	28	1	1	1
1	1	1	28	28	28	28	28	28	28	28	28	28	28	28	28	28	28	28	28	28	28	28	28	28	28	28	28	28	28	28	28	28	28	28	28	28	28	28	28	1	1	1
1	1	1	28	28	28	28	28	28	28	28	28	28	28	28	28	28	28	28	28	28	28	28	28	28	28	28	28	28	28	28	28	28	28	28	28	28	28	28	28	1	1	1
1	1	1	28	28	28	28	28	28	28	28	28	28	34	34	34	34	34	34	34	34	34	34	34	34	34	34	34	34	34	28	28	28	28	28	28	28	28	28	28	1	1	1
1	1	1	28	28	28	28	28	28	28	28	28	28	34	35	35	35	35	35	35	35	35	35	35	35	35	35	35	35	34	28	28	28	28	28	28	28	28	28	28	1	1	1
1	1	1	28	28	28	28	28	28	28	28	28	28	34	35	35	35	35	35	35	35	35	35	35	35	35	35	20	0	34	28	28	28	28	28	28	28	28	28	28	1	1	1
1	1	1	28	28	28	28	28	28	28	28	28	28	34	35	35	35	35	35	35	35	35	35	35	35	35	20	35	35	34	28	28	28	28	28	28	28	28	28	28	1	1	1
1	1	1	28	28	28	28	28	28	28	28	28	28	34	40	40	40	40	40	40	40	40	40	40	40	20	35	35	35	34	28	28	28	28	28	28	28	28	28	28	1	1	1
1	1	1	28	28	28	28	28	28	28	28	28	28	34	40	40	40	40	40	40	40	40	40	40	40	40	40	40	40	34	28	28	28	28	28	28	28	28	28	28	1	1	1
1	1	1	28	28	28	28	28	28	28	28	28	28	34	40	40	40	40	40	40	40	40	40	40	40	40	40	40	40	34	28	28	28	28	28	28	28	28	28	28	1	1	1
1	1	1	28	28	28	28	28	28	28	28	28	28	34	40	40	40	40	40	40	40	40	40	40	40	40	40	40	40	34	28	28	28	28	28	28	28	28	28	28	1	1	1
1	1	1	28	28	28	28	28	28	28	28	28	28	34	40	40	40	40	40	40	40	40	40	40	40	40	40	40	40	34	28	28	28	28	28	28	28	28	28	28	1	1	1
1	1	1	28	28	28	28	28	28	28	28	28	28	34	40	40	40	40	40	40	40	40	40	40	40	40	40	40	40	34	28	28	28	28	28	28	28	28	28	28	1	1	1
1	1	1	28	28	28	28	28	28	28	28	28	28	34	40	40	40	40	40	40	40	40	40	40	40	40	40	40	40	34	28	28	28	28	28	28	28	28	28	28	1	1	1
1	1	1	28	28	28	28	28	28	28	28	28	28	34	40	40	40	40	40	40	40	40	40	40	40	40	40	40	40	34	28	28	28	28	28	28	28	28	28	28	1	1	1
1	1	1	28	28	28	28	28	28	28	28	28	28	34	40	40	40	40	40	40	40	40	40	40	40	40	40	40	40	34	28	28	28	28	28	28	28	28	28	28	1	1	1
1	1	1	28	28	28	28	28	28	28	28	28	28	34	40	40	40	40	40	40	40	40	40	40	40	40	40	40	40	34	28	28	28	28	28	28	28	28	28	28	1	1	1
1	1	1	28	28	28	28	28	28	28	28	28	28	34	40	40	40	40	40	40	40	40	40	40	40	40	40	40	40	34	28	28	28	28	28	28	28	28	28	28	1	1	1
1	1	1	28	28	28	28	28	28	28	28	28	28	34	40	40	40	40	40	40	40	40	40	40	40	40	40	40	40	34	28	28	28	28	28	28	28	28	28	28	1	1	1
1	1	1	28	28	28	28	28	28	28	28	28	28	34	40	40	40	40	40	40	40	40	40	40	40	40	40	40	40	34	28	28	28	28	28	28	28	28	28	28	1	1	1
1	1	1	28	28	28	28	28	28	28	28	28	28	34	40	40	40	40	40	40	40	40	40	40	40	40	40	40	40	34	28	28	28	28	28	28	28	28	28	28	1	1	1
1	1	1	28	28	28	28	28	28	28	28	28	28	34	40	40	40	40	40	40	40	40	40	40	40	40	40	40	40	34	28	28	28	28	28	28	28	28	28	28	1	1	1
1	1	1	28	28	28	28	28	28	28	28	28	28	34	34	34	34	34	34	34	34	34	34	34	34	34	34	34	34	34	28	28	28	28	28	28	28	28	28	28	1	1	1
1	1	1	28	28	28	28	28	28	28	28	28	28	28	28	28	28	28	28	28	28	28	28	28	28	28	28	28	28	28	28	28	28	28	28	28	28	28	28	28	1	1	1
1	1	1	28	28	28	28	28	28	28	28	28	28	28	28	28	28	28	28	28	28	28	28	28	28	28	28	28	28	28	28	28	28	28	28	28	28	28	28	28	1	1	1
1	1	1	28	28	28	28	28	28	28	28	28	28	28	28	28	28	28	28	28	28	28	28	28	28	28	28	28	28	28	28	28	28	28	28	28	28	28	28	28	1	1	1
1	1	1	28	28	28	28	28	28	28	28	28	28	28	28	28	28	28	28	28	28	28	28	28	28	28	28	28	28	28	28	28	28	28	28	28	28	28	28	28	1	1	1
1	1	1	28	28	28	28	28	28	28	28	28	28	28	28	28	28	28	28	28	28	28	28	28	28	28	28	28	28	28	28	28	28	28	28	28	28	28	28	28	1	1	1
1	1	1	28	28	28	28	28	28	28	28	28	28	28	28	28	28	28	28	28	28	28	28	28	28	28	28	28	28	28	28	28	28	28	28	28	28	28	28	28	1	1	1
1	1	1	1	1	1	1	1	1	1	1	1	1	1	1	1	1	1	1	1	1	1	1	1	1	1	1	1	1	1	1	1	1	1	1	1	1	1	1	1	1	1	1
1	1	1	1	1	1	1	1	1	1	1	1	1	1	1	1	1	1	1	1	1	1	1	1	1	1	1	1	1	1	1	1	1	1	1	1	1	1	1	1	1	1	1
1	1	1	1	1	1	1	1	1	1	1	1	1	1	1	1	1	1	1	1	1	1	1	1	1	1	1	1	1	1	1	1	1	1	1	1	1	1	1	1	1	1	1
616 28 12
32 800 416
32 832 384
32 864 352
32 896 320
33 800 448
33 832 416
33 864 384
33 896 352
34 800 480
34 832 448
34 864 416
34 896 384
35 832 480
35 864 448
35 864 480
35 896 416
35 896 448
35 896 480
30