31 35
27 14
3
17
0 0
1	1	1	1	1	1	1	1	1	1	1	1	1	1	1	1	1	1	1	1	1	1	1	1	1	1	1	1	1	1	1
1	1	1	1	1	1	1	1	1	1	1	1	1	1	1	1	1	1	1	1	1	1	1	1	1	1	1	1	1	1	1
1	1	1	1	1	1	1	1	1	1	1	1	1	1	1	1	1	1	1	1	1	1	1	1	1	1	1	1	1	1	1
1	1	1	30	30	30	30	30	30	30	30	30	1	1	1	1	1	1	1	30	30	30	30	30	30	30	30	30	1	1	1
1	1	1	30	31	31	31	31	31	31	31	30	1	1	1	1	1	1	1	30	31	31	31	31	31	31	31	30	1	1	1
1	1	1	30	31	31	31	31	31	31	31	30	1	1	1	1	1	1	1	30	31	31	31	31	31	31	31	30	1	1	1
1	1	1	30	31	31	31	1	31	31	31	30	1	1	1	1	1	1	1	30	31	31	31	1	31	31	31	30	1	1	1
1	1	1	30	31	31	1	1	1	31	31	30	1	1	1	1	1	1	1	30	31	31	1	1	1	31	31	30	1	1	1
1	1	1	30	31	1	1	1	1	1	31	30	30	30	30	30	30	30	30	30	31	1	1	1	1	1	31	30	1	1	1
1	1	1	30	24	24	24	24	24	24	24	31	31	31	31	31	31	31	31	31	24	24	24	24	24	24	24	30	1	1	1
1	1	1	30	24	24	24	24	24	24	24	31	31	31	31	31	31	31	31	31	24	24	24	24	24	24	24	30	1	1	1
1	1	1	30	24	24	24	24	24	24	24	31	31	31	31	31	31	31	31	31	24	24	24	24	24	24	24	31	1	1	1
1	1	1	30	24	24	24	24	24	24	24	31	31	24	24	24	24	24	31	31	24	24	24	24	24	24	24	31	1	1	1
1	1	1	30	24	24	24	24	24	24	24	31	20	24	24	24	24	24	21	31	24	24	24	24	24	24	24	31	1	1	1
1	1	1	30	24	24	24	24	24	24	24	20	20	24	24	24	24	24	21	21	24	24	24	24	24	24	24	24	0	1	1
1	1	1	30	24	24	24	24	24	24	24	20	30	30	30	30	30	30	30	21	24	24	24	24	24	24	24	30	1	1	1
1	1	1	30	24	24	24	24	24	24	24	30	30	1	1	1	1	1	30	30	24	24	24	24	24	24	24	30	1	1	1
1	1	1	30	24	24	24	24	24	24	24	30	1	1	1	1	1	1	1	30	24	24	24	24	24	24	24	30	1	1	1
1	1	1	30	24	24	24	24	24	24	24	30	1	1	1	1	1	1	1	30	24	24	24	24	24	24	24	30	1	1	1
1	1	1	30	24	24	24	24	24	24	24	30	1	1	1	1	1	1	1	30	24	24	24	24	24	24	24	30	1	1	1
1	1	1	30	24	24	24	24	24	24	24	30	1	1	1	1	1	1	1	30	24	24	24	24	24	24	24	30	1	1	1
1	1	1	30	24	24	24	24	24	24	24	30	1	1	1	1	1	1	1	30	24	24	24	24	24	24	24	30	1	1	1
1	1	1	30	30	30	30	30	30	30	30	30	1	1	1	1	1	1	1	30	30	30	30	30	30	30	30	30	1	1	1
1	1	1	30	24	24	24	24	24	24	24	30	1	1	1	1	1	1	1	30	24	24	24	24	24	24	24	30	1	1	1
1	1	1	30	24	24	24	24	24	24	24	30	1	1	1	1	1	1	1	30	24	24	24	24	24	24	24	30	1	1	1
1	1	1	30	24	24	24	24	24	24	24	30	1	1	1	1	1	1	1	30	24	24	24	24	24	24	24	30	1	1	1
1	1	1	30	24	24	24	24	24	24	24	30	1	1	1	1	1	1	1	30	24	24	24	24	24	24	24	30	1	1	1
1	1	1	30	24	24	24	24	24	24	24	30	1	1	1	1	1	1	1	30	24	24	24	24	24	24	24	30	1	1	1
1	1	1	30	24	24	24	24	24	24	24	30	1	1	1	1	1	1	1	30	24	24	24	24	24	24	24	30	1	1	1
1	1	1	30	24	24	24	24	24	24	24	30	1	1	1	1	1	1	1	30	24	24	24	24	24	24	24	30	1	1	1
1	1	1	30	24	24	24	24	24	24	24	30	1	1	1	1	1	1	1	30	24	24	24	24	24	24	24	30	1	1	1
1	1	1	30	24	24	24	24	24	24	24	30	1	1	1	1	1	1	1	30	24	24	24	24	24	24	24	30	1	1	1
1	1	1	1	1	1	1	1	1	1	1	1	1	1	1	1	1	1	1	1	1	1	1	1	1	1	1	1	1	1	1
1	1	1	1	1	1	1	1	1	1	1	1	1	1	1	1	1	1	1	1	1	1	1	1	1	1	1	1	1	1	1
1	1	1	1	1	1	1	1	1	1	1	1	1	1	1	1	1	1	1	1	1	1	1	1	1	1	1	1	1	1	1
437 28 14
715 7 8
716 23 8
91 0 0
32 352 416
33 352 448
33 352 480
32 384 384
33 384 416
33 384 448
93 352 512
93 384 480
36 576 384
37 576 416
37 576 448
36 608 416
37 608 448
37 608 480
95 576 480
95 608 512
31