33 44
16 39
5
1
0 0
1	1	1	1	1	1	1	1	1	1	1	1	1	1	1	1	1	1	1	1	1	1	1	1	1	1	1	1	1	1	1	1	1
1	1	1	1	1	1	1	1	1	1	1	1	1	1	1	1	1	1	1	1	1	1	1	1	1	1	1	1	1	1	1	1	1
1	1	1	1	1	1	1	1	1	1	1	1	1	1	1	1	1	1	1	1	1	1	1	1	1	1	1	1	1	1	1	1	1
1	1	1	30	30	30	30	30	30	30	30	30	30	30	30	30	30	30	30	30	30	30	30	30	30	30	30	30	30	30	1	1	1
1	1	1	30	31	31	31	31	31	31	31	31	31	31	31	31	31	31	31	31	31	31	31	31	31	31	31	31	31	30	1	1	1	
1	1	1	30	31	31	31	31	31	31	31	31	31	31	31	31	31	31	31	31	31	31	31	31	31	31	31	31	31	30	1	1	1
1	1	1	30	31	31	31	31	31	31	31	31	31	31	31	31	31	31	31	31	31	31	31	31	31	31	31	31	31	30	1	1	1
1	1	1	30	24	24	24	24	24	24	24	24	24	24	24	24	24	24	24	24	24	24	24	24	24	24	24	24	24	30	1	1	1
1	1	1	30	24	24	24	24	24	24	24	24	24	24	24	24	24	24	24	24	24	24	24	24	24	24	24	24	24	30	1	1	1
1	1	1	30	24	24	24	24	24	24	24	24	24	24	24	24	24	24	24	24	24	24	24	24	24	24	24	24	24	30	1	1	1
1	1	1	30	24	24	24	24	24	24	24	24	24	24	24	24	24	24	24	24	24	24	24	24	24	24	24	24	24	30	1	1	1
1	1	1	30	24	24	24	24	24	24	24	24	24	24	24	24	24	24	24	24	24	24	24	24	24	24	24	24	24	30	1	1	1
1	1	1	30	24	24	24	24	24	30	30	30	30	30	30	18	18	18	30	30	30	30	30	30	24	24	24	24	24	30	1	1	1
1	1	1	30	24	24	24	24	24	30	31	31	31	31	31	18	18	18	31	31	31	31	31	30	24	24	24	24	24	30	1	1	1
1	1	1	30	24	24	24	24	24	30	31	31	31	31	31	18	18	18	31	31	31	31	31	30	24	24	24	24	24	30	1	1	1
1	1	1	30	24	24	24	24	24	30	31	31	31	31	31	18	18	18	31	31	31	31	31	30	24	24	24	24	24	30	1	1	1
1	1	1	30	24	24	24	24	24	30	24	24	24	24	24	24	24	24	24	24	24	24	24	30	24	24	24	24	24	30	1	1	1
1	1	1	30	24	24	24	24	24	30	24	24	24	24	24	24	24	24	24	24	24	24	24	30	24	24	24	24	24	30	1	1	1
1	1	1	30	24	24	24	24	24	30	24	24	24	24	24	24	24	24	24	24	24	24	24	30	24	24	24	24	24	30	1	1	1
1	1	1	30	24	24	24	24	24	30	24	24	24	30	18	30	30	30	18	30	24	24	24	30	24	24	24	24	24	30	1	1	1
1	1	1	30	24	24	24	24	24	30	24	24	24	30	18	31	31	31	18	30	24	24	24	30	24	24	24	24	24	30	1	1	1
1	1	1	30	24	24	24	24	24	30	24	24	24	30	18	31	31	31	18	30	24	24	24	30	24	24	24	24	24	30	1	1	1
1	1	1	30	24	24	24	24	24	30	24	24	24	30	18	31	0	31	18	30	24	24	24	30	24	24	24	24	24	30	1	1	1
1	1	1	30	24	24	24	24	24	30	24	24	24	30	24	24	24	24	24	30	24	24	24	30	24	24	24	24	24	30	1	1	1
1	1	1	30	24	24	24	24	24	30	24	24	24	30	24	24	24	24	24	30	24	24	24	30	24	24	24	24	24	30	1	1	1
1	1	1	30	24	24	24	24	24	30	24	24	24	30	24	24	24	24	24	30	24	24	24	30	24	24	24	24	24	30	1	1	1
1	1	1	30	24	24	24	24	24	30	24	24	24	30	24	24	24	24	24	30	24	24	24	30	24	24	24	24	24	30	1	1	1
1	1	1	30	24	24	24	24	24	30	24	24	24	30	24	24	24	24	24	30	24	24	24	30	24	24	24	24	24	30	1	1	1
1	1	1	30	24	24	24	24	24	30	24	24	24	30	24	24	24	24	24	30	24	24	24	30	24	24	24	24	24	30	1	1	1
1	1	1	30	24	24	24	24	24	30	24	24	24	30	30	30	19	30	30	30	24	24	24	30	24	24	24	24	24	30	1	1	1
1	1	1	30	24	24	24	24	24	30	24	24	24	24	24	24	24	24	24	24	24	24	24	30	24	24	24	24	24	30	1	1	1
1	1	1	30	24	24	24	24	24	30	24	24	24	24	24	24	24	24	24	24	24	24	24	30	24	24	24	24	24	30	1	1	1
1	1	1	30	24	24	24	24	24	30	24	24	24	24	24	24	24	24	24	24	24	24	24	30	24	24	24	24	24	30	1	1	1
1	1	1	30	24	24	24	24	24	30	30	30	30	30	30	30	19	30	30	30	30	30	30	30	24	24	24	24	24	30	1	1	1
1	1	1	30	24	24	24	24	24	24	24	24	24	24	24	24	24	24	24	24	24	24	24	24	24	24	24	24	24	30	1	1	1
1	1	1	30	24	24	24	24	24	24	24	24	24	24	24	24	24	24	24	24	24	24	24	24	24	24	24	24	24	30	1	1	1
1	1	1	30	24	24	24	24	24	24	24	24	24	24	24	24	24	24	24	24	24	24	24	24	24	24	24	24	24	30	1	1	1
1	1	1	30	24	24	24	24	24	24	24	24	24	24	24	24	24	24	24	24	24	24	24	24	24	24	24	24	24	30	1	1	1
1	1	1	30	24	24	24	24	24	24	24	24	24	24	24	24	24	24	24	24	24	24	24	24	24	24	24	24	24	30	1	1	1
1	1	1	30	30	30	30	30	30	30	30	30	30	30	30	30	24	30	30	30	30	30	30	30	30	30	30	30	30	30	1	1	1
1	1	1	1	1	1	1	1	1	1	1	1	1	1	1	1	0	1	1	1	1	1	1	1	1	1	1	1	1	1	1	1	1
1	1	1	1	1	1	1	1	1	1	1	1	1	1	1	1	1	1	1	1	1	1	1	1	1	1	1	1	1	1	1	1	1
1	1	1	1	1	1	1	1	1	1	1	1	1	1	1	1	1	1	1	1	1	1	1	1	1	1	1	1	1	1	1	1	1
1	1	1	1	1	1	1	1	1	1	1	1	1	1	1	1	1	1	1	1	1	1	1	1	1	1	1	1	1	1	1	1	1
422 16 40
423 6 6
424 25 6
425 12 15
426 16 22
91 0 0
16