44 40 
17 35
5
0
0 0
1	1	1	1	1	1	1	1	1	1	1	1	1	1	1	1	1	1	1	1	1	1	1	1	1	1	1	1	1	1	1	1	1	1	1	1	1	1	1	1	1	1	1	1	
1	1	1	1	1	1	1	1	1	1	1	1	1	1	1	1	1	1	1	1	1	1	1	1	1	1	1	1	1	1	1	1	1	1	1	1	1	1	1	1	1	1	1	1	
1	1	1	1	1	1	1	1	1	1	1	1	1	1	1	1	1	1	1	1	1	1	1	1	1	1	1	1	1	1	1	1	1	1	1	1	1	1	1	1	1	1	1	1	
1	1	1	1	10	10	10	10	10	10	10	10	10	10	10	10	40	40	40	10	10	10	10	10	10	10	10	10	10	10	10	1	1	1	1	1	1	1	1	1	1	1	1	1
1	1	1	1	10	11	11	11	11	11	11	11	11	11	11	11	40	40	40	11	11	11	11	11	11	11	11	11	11	11	10	1	1	1	1	1	1	1	1	1	1	1	1	1
1	1	1	1	10	11	11	11	11	11	11	11	11	11	11	11	40	40	40	11	11	11	11	11	11	11	11	11	11	11	10	1	1	1	1	1	1	1	1	1	1	1	1	1
1	1	1	1	10	11	11	11	11	11	11	11	11	11	11	11	40	40	40	11	11	11	11	11	11	11	11	11	11	11	10	1	1	1	1	1	1	1	1	1	1	1	1	1
1	1	1	1	10	40	40	40	40	40	40	40	40	40	40	40	40	40	40	40	40	40	40	40	40	40	40	40	40	40	10	10	10	10	10	10	10	1	1	1	1	1	1	1
1	1	1	1	10	40	40	40	40	40	40	40	40	40	40	40	40	40	40	40	40	40	40	40	40	40	40	40	40	40	11	11	11	11	11	11	10	1	1	1	1	1	1	1
1	1	1	1	10	40	40	40	40	40	40	40	40	40	40	40	40	40	40	40	40	40	40	40	40	40	40	40	40	40	11	11	11	11	11	11	11	1	1	1	1	1	1	1
1	1	1	1	10	40	40	40	40	40	40	40	40	40	40	40	40	40	40	40	40	40	40	40	40	40	40	40	40	40	11	11	11	11	11	11	11	1	1	1	1	1	1	1
1	1	1	1	10	40	40	40	40	40	40	40	40	40	40	40	40	40	40	40	40	40	40	40	40	40	40	40	40	40	40	40	40	40	40	40	11	1	1	1	1	1	1	1
1	1	1	1	10	40	40	40	40	40	10	10	10	10	10	10	10	10	10	10	10	10	10	10	10	40	40	40	40	40	40	40	40	40	40	40	40	0	1	1	1	1	1	1
1	1	1	1	10	40	40	40	40	40	10	1	1	1	1	1	1	1	1	1	1	1	1	1	10	40	40	40	40	40	40	40	40	40	40	40	10	1	1	1	1	1	1	1
1	1	1	1	10	40	40	40	40	40	10	1	1	1	1	1	1	1	1	1	1	1	1	1	10	40	40	40	40	40	10	10	10	10	10	10	10	1	1	1	1	1	1	1
1	1	1	1	11	40	40	40	40	40	10	1	1	1	1	1	1	1	1	1	1	1	1	1	10	40	40	40	40	40	10	1	1	1	1	1	1	1	1	1	1	1	1	1
1	1	1	1	11	40	40	40	40	40	10	1	1	1	1	1	1	1	1	1	1	1	1	1	10	40	40	40	40	40	10	1	1	1	1	1	1	1	1	1	1	1	1	1
1	1	1	1	11	40	40	40	40	40	10	1	1	1	1	1	1	1	1	1	1	1	1	1	10	40	40	40	40	40	10	1	1	1	1	1	1	1	1	1	1	1	1	1
1	1	1	0	40	40	40	40	40	40	10	1	1	1	1	1	1	1	1	1	1	1	1	1	10	40	40	40	40	40	10	10	10	10	10	10	10	10	10	10	10	1	1	1
1	1	1	0	40	40	40	40	40	40	10	1	1	1	1	1	1	1	1	1	1	1	1	1	10	40	40	40	40	40	10	11	11	11	11	11	11	11	11	11	10	1	1	1
1	1	1	0	40	40	40	40	40	40	10	1	1	1	1	1	1	1	1	1	1	1	1	1	10	40	40	40	40	40	10	11	11	11	11	11	11	11	11	11	10	1	1	1
1	1	1	1	10	40	40	40	40	40	10	1	1	1	1	1	1	1	1	1	1	1	1	1	10	40	40	40	40	40	10	11	11	11	11	11	11	11	11	11	10	1	1	1
1	1	1	1	10	40	40	40	40	40	10	1	1	1	1	1	1	1	1	1	1	1	1	1	10	40	40	40	40	40	11	40	40	40	40	40	40	40	40	40	10	1	1	1
1	1	1	1	10	40	40	40	40	40	10	1	1	1	1	1	1	1	1	1	1	1	1	1	10	40	40	40	40	40	11	40	40	40	40	40	40	40	40	40	10	1	1	1
1	1	1	1	10	40	40	40	40	40	10	1	1	1	1	1	1	1	1	1	1	1	1	1	10	40	40	40	40	40	11	40	40	40	40	40	40	40	40	40	10	1	1	1
1	1	1	1	10	40	40	40	40	40	10	1	1	1	1	1	1	1	1	1	1	1	1	1	10	40	40	40	40	40	40	40	40	40	40	40	40	40	40	40	10	1	1	1
1	1	1	1	10	40	40	40	40	40	10	10	10	10	10	10	10	10	10	10	10	10	10	10	10	40	40	40	40	40	40	40	40	40	40	40	40	40	40	40	10	1	1	1
1	1	1	1	10	40	40	40	40	40	11	11	11	11	11	11	11	11	11	11	11	11	11	11	11	40	40	40	40	40	40	40	40	40	40	40	40	40	40	40	10	1	1	1
1	1	1	1	10	40	40	40	40	40	11	11	11	11	11	11	11	11	11	11	11	11	11	11	11	40	40	40	40	40	10	40	40	40	40	40	40	40	40	40	10	1	1	1
1	1	1	1	10	40	40	40	40	40	11	11	11	11	11	11	11	11	11	11	11	11	11	11	11	40	40	40	40	40	10	40	40	40	40	40	40	40	40	40	10	1	1	1
1	1	1	1	10	40	40	40	40	40	40	40	40	40	40	40	40	40	40	40	40	40	40	40	40	40	40	40	40	40	10	10	10	10	10	10	10	10	10	10	10	1	1	1
1	1	1	1	10	40	40	40	40	40	40	40	40	40	40	40	40	40	40	40	40	40	40	40	40	40	40	40	40	40	10	1	1	1	1	1	1	1	1	1	1	1	1	1
1	1	1	1	10	40	40	40	40	40	40	40	40	40	40	40	40	40	40	40	40	40	40	40	40	40	40	40	40	40	10	1	1	1	1	1	1	1	1	1	1	1	1	1
1	1	1	1	10	40	40	40	40	40	40	40	40	40	40	40	40	40	40	40	40	40	40	40	40	40	40	40	40	40	10	1	1	1	1	1	1	1	1	1	1	1	1	1
1	1	1	1	10	40	40	40	40	40	40	40	40	40	40	40	40	40	40	40	40	40	40	40	40	40	40	40	40	40	10	1	1	1	1	1	1	1	1	1	1	1	1	1
1	1	1	1	10	10	10	40	10	10	10	10	10	10	10	10	10	40	10	10	10	10	10	10	10	10	10	10	10	10	10	1	1	1	1	1	1	1	1	1	1	1	1	1
1	1	1	1	1	1	1	0	1	1	1	1	1	1	1	1	1	0	1	1	1	1	1	1	1	1	1	1	1	1	1	1	1	1	1	1	1	1	1	1	1	1	1	1
1	1	1	1	1	1	1	1	1	1	1	1	1	1	1	1	1	1	1	1	1	1	1	1	1	1	1	1	1	1	1	1	1	1	1	1	1	1	1	1	1	1	1	1
1	1	1	1	1	1	1	1	1	1	1	1	1	1	1	1	1	1	1	1	1	1	1	1	1	1	1	1	1	1	1	1	1	1	1	1	1	1	1	1	1	1	1	1
1	1	1	1	1	1	1	1	1	1	1	1	1	1	1	1	1	1	1	1	1	1	1	1	1	1	1	1	1	1	1	1	1	1	1	1	1	1	1	1	1	1	1	1	
553 17 36
554 37 12
555 3 18
555 3 19
555 3 20
10