27 29
22 16
7
0
0 0
1	1	1	1	1	1	1	1	1	1	1	1	1	1	1	1	1	1	1	1	1	1	1	1	1	1	1
1	1	1	1	1	1	1	1	1	1	1	1	1	1	1	1	1	1	1	1	1	1	1	1	1	1	1
1	1	1	1	1	1	1	1	1	1	1	1	1	1	1	1	1	1	1	1	1	1	1	1	1	1	1
1	1	1	1	30	30	30	30	30	30	30	30	30	30	30	30	30	30	30	30	30	30	30	1	1	1	1
1	1	1	1	30	31	31	31	31	31	31	31	31	31	31	31	31	31	31	31	31	31	30	1	1	1	1
1	1	1	1	30	31	31	31	31	31	31	31	31	31	31	31	31	31	31	31	31	31	30	1	1	1	1
1	1	1	1	30	31	31	0	31	31	31	31	31	30	31	31	31	31	31	0	31	31	30	1	1	1	1
1	1	1	1	31	39	39	39	39	39	39	39	39	30	39	39	39	39	39	39	39	39	30	1	1	1	1
1	1	1	1	31	39	39	39	39	39	39	39	39	30	39	39	39	39	39	39	39	39	30	1	1	1	1
1	1	1	1	31	39	39	39	39	39	39	39	39	30	39	39	39	39	39	39	39	39	30	1	1	1	1
1	1	1	0	39	39	39	39	39	39	39	39	39	30	39	39	39	39	39	39	39	39	30	1	1	1	1
1	1	1	1	30	39	39	39	39	39	39	39	39	30	39	39	39	39	39	39	39	39	30	1	1	1	1
1	1	1	1	30	39	39	39	39	39	39	39	39	30	39	39	39	39	39	39	39	39	31	1	1	1	1
1	1	1	1	30	39	39	39	39	39	39	30	30	30	30	30	39	39	39	39	39	39	31	1	1	1	1
1	1	1	1	30	30	30	30	30	30	30	30	30	30	30	30	39	39	39	39	39	39	31	1	1	1	1
1	1	1	1	30	31	31	31	31	31	31	30	30	30	30	30	39	39	39	39	39	39	39	0	1	1	1
1	1	1	1	30	39	39	39	39	39	39	31	31	30	31	31	39	39	39	39	39	39	39	0	1	1	1
1	1	1	1	30	39	39	39	39	39	39	31	31	30	31	31	39	39	39	39	39	39	39	0	1	1	1
1	1	1	1	30	39	39	39	39	39	39	39	39	30	39	39	39	39	39	39	39	39	30	1	1	1	1
1	1	1	1	30	39	39	39	39	39	39	39	39	30	39	39	39	39	39	39	39	39	30	1	1	1	1
1	1	1	1	30	39	39	39	39	39	39	39	39	30	39	39	39	39	39	39	39	39	30	1	1	1	1
1	1	1	1	30	39	39	39	39	39	39	39	39	30	39	39	39	39	39	39	39	39	30	1	1	1	1
1	1	1	1	30	39	39	39	39	39	39	39	39	30	39	39	39	39	39	39	39	39	30	1	1	1	1
1	1	1	1	30	39	39	39	39	39	39	39	39	30	39	39	39	39	39	39	39	39	30	1	1	1	1
1	1	1	1	30	30	30	30	30	30	30	30	30	30	30	30	30	30	30	39	30	30	30	1	1	1	1
1	1	1	1	1	1	1	1	1	1	1	1	1	1	1	1	1	1	1	0	1	1	1	1	1	1	1
1	1	1	1	1	1	1	1	1	1	1	1	1	1	1	1	1	1	1	1	1	1	1	1	1	1	1
1	1	1	1	1	1	1	1	1	1	1	1	1	1	1	1	1	1	1	1	1	1	1	1	1	1	1
1	1	1	1	1	1	1	1	1	1	1	1	1	1	1	1	1	1	1	1	1	1	1	1	1	1	1
488 23 15
488 23 16
488 23 17
489 19 25
490 7 6
490 19 6
491 3 10
27