22 36
12 21
25
0
3 3
2   2   2   2   2   2   2   2   2   2   2   2   2   2   2   2   2   2   2   2   2   2  
2   2   181 188 188 1   188 188 188 188 188 188 188 188 188 188 188 188 188 188 188 183
2   2   186 170 170 58  170 170 170 170 170 170 170 170 170 170 170 170 170 170 170 186
2   2   186 176 176 58  176 176 176 176 176 176 176 176 176 176 176 176 176 176 176 186
2   187 189 58  58  58  58  58  58  58  58  58  58  58  58  58  58  58  58  58  58  186
2   170 170 58  58  58  58  58  58  58  58  58  58  58  58  58  58  58  58  58  58  186
2   176 176 58  58  58  58  58  58  58  58  58  58  58  58  58  58  58  58  58  58  186
1   58  58  58  58  58  58  181 182 182 182 181 183 58  58  58  58  58  58  58  58  186
2   182 182 183 58  58  58  184 185 185 185 185 186 58  58  58  58  58  58  58  58  186
2   2   2   186 58  58  58  184 185 185 185 185 186 58  58  58  58  58  58  58  58  186
2   2   2   186 58  58  58  187 188 188 188 188 189 58  58  58  58  58  58  58  58  186
2   2   2   186 58  58  58  170 170 170 170 170 170 58  58  58  58  58  58  58  58  186
2   2   2   186 58  58  58  176 176 176 176 176 176 58  58  58  58  58  58  58  58  186
2   2   2   186 58  58  58  58  58  58  58  58  58  58  58  58  58  58  58  58  58  186
2   2   2   186 58  58  58  58  58  58  58  58  58  58  58  58  58  58  58  58  58  186
2   2   2   186 58  58  58  58  58  58  58  58  58  58  58  58  58  58  58  58  58  186
2   2   181 189 58  58  58  188 188 188 188 188 186 188 188 188 188 188 188 188 188 189 
2   2   186 170 58  58  58  170 170 170 170 170 184 2   2   2   2   2   2   2   2   2     
2   2   186 176 58  58  58  176 176 176 176 176 187 2   2   2   2   2   2   2   2   2  
2   2   186 58  58  58  58  58  58  58  58  58  170 2   2   2   2   2   2   2   2   2 
2   188 189 58  58  58  58  58  58  58  58  58  176 2   2   2   2   2   2   2   2   2 
2   170 170 58  58  58  58  58  58  58  58  58  58  1   2   2   2   2   2   2   2   2 
2   176 176 58  58  58  58  58  58  58  58  58  181 2   2   2   2   2   2   2   2   2 
1   58  58  58  58  58  58  58  58  58  58  58  184 2   2   2   2   2   2   2   2   2 
2   181 183 58  58  58  58  58  58  58  58  58  184 2   2   2   2   2   2   2   2   2 
2   2   186 58  58  58  58  58  58  58  58  58  184 2   2   2   2   2   2   2   2   2 
2   2   186 58  58  58  58  58  58  58  58  58  184 2   2   2   2   2   2   2   2   2 
2   181 188 188 188 188 58  58  58  188 188 188 185 2   2   2   2   2   2   2   2   2 
2   186 170 170 170 170 58  58  58  170 170 170 184 2   2   2   2   2   2   2   2   2 
2   186 176 176 176 176 58  58  58  176 176 176 184 2   2   2   2   2   2   2   2   2 
2   186 58  58  58  58  58  58  58  58  58  58  184 2   2   2   2   2   2   2   2   2 
2   186 58  58  58  58  58  58  58  58  58  58  184 2   2   2   2   2   2   2   2   2 
2   186 58  58  58  58  58  58  58  58  58  58  184 2   2   2   2   2   2   2   2   2 
2   186 58  58  58  58  58  58  58  58  58  58  184 2   2   2   2   2   2   2   2   2 
2   186 58  58  58  58  58  58  58  58  58  58  184 2   2   2   2   2   2   2   2   2 
2   187 188 188 188 188 188 188 188 188 188 188 189 2   2   2   2   2   2   2   2   2 
7 13 21
8 0 23
9 0 7
10 5 1
46 8 19
47 4 26
48 3 31
49 6 9
74 3 6
75 17 6
90 9 2
90 3 28
91 4 30
101 5 30
92 2 32
101 2 33
108 4 32
110 5 32
114 4 33
116 5 33
93 17 3
94 17 4
93 18 3
94 18 4
117 10 30
1 10
2 10
3 10

