19 18
9 14
19
13
0 0
1   1   1   1   1   1   1   1   1   1   1	1	1	1	1	1	1	1	1
1   1   1   1   1   1   1   1   1   1   1	1	1	1	1	1	1	1	1
1   1   1   1   1   1   1   1   1   1   1	1	1	1	1	1	1	1	1
1	1	1	1	22	22	22	22	22	22	22	22	22	22	22	22	1	1	1
1	1	1   22	22	23	23	23	23	23	23	23	23	23	23	23	1	1	1
1	1	1   23	23  23	23	23	23	23	23	23	23	23	23	23	1	1	1
1	1	1   23	23  23	23	23	23	23	23	23	23	23	23	23	1	1	1
1	1	1   23	23	6	6	6	6	6	6	6	6	6	6	2	0	1	1
1	1	0   6	6	6	6	6	6	6	6	6	6	6	6	6	0	1	1
1	1	1   22	22	6	6	6	6	6	6	6	6	6	22	22	1	1	1
1	1	1	1   22	6	6	6	6	6	6	6	6	6	22	1	1	1	1
1	1	1	1   22	6	6	6	6	6	6	6	6	6	22	1	1	1	1
1	1	1	1   22	6	6	6	4	4	4	6	6	6	22	1	1	1	1
1	1	1	1   22	6	6	6	4	4	4	6	6	6	22	1	1	1	1
1	1	1	1   22	22	22	22	22	4	22	22	22	22	22	1	1	1	1
1   1   1   1   1   1   1   1   1   0   1	1	1	1	1	1	1	1	1
1   1   1   1   1   1   1   1   1   1   1	1	1	1	1	1	1	1	1
1   1   1   1   1   1   1   1   1   1   1	1	1	1	1	1	1	1	1
4 9 15 
5 2 8
6 16 7
6 16 8
51 9 11
56 9 8
57 9 9
58 5 11
61 6 6
101 7 7
101 7 8
101 7 9
101 8 9
101 10 9
101 11 9
101 11 8
101 11 7
125 5 13
125 13 13
0 384 144
10 224 192
13 224 224
13 224 256
16 224 288
17 256 288
17 320 288
18 352 288
12 352 192
15 352 224
15 352 256
43 192 176
81 192 176
1