39 43
7 20
37
10
0 0
1	1	1	1	1	1	1	1	1	1	1	1	1	1	1	1	1	1	1	1	1	1	1	1	1	1	1	1	1	1	1	1	1	1	1	1	1	1	1
1	1	1	1	1	1	1	1	1	1	1	1	1	1	1	1	1	1	1	1	1	1	1	1	1	1	1	1	1	1	1	1	1	1	1	1	1	1	1
1	1	1	1	1	1	1	1	1	1	1	1	1	1	1	1	1	1	1	1	1	1	1	1	1	1	1	1	1	1	1	1	1	1	1	1	1	1	1
1	1	1	1	1	1	1	1	1	1	1	1	1	16	16	16	16	16	16	16	16	16	16	16	1	1	1	1	1	1	1	1	1	1	1	1	1	1	1
1	1	1	1	1	1	1	1	1	1	1	1	1	16	17	17	17	17	17	17	17	17	17	16	1	1	1	1	1	1	1	1	1	1	1	1	1	1	1
1	1	1	1	1	1	1	1	1	1	1	1	1	16	17	17	17	17	17	17	17	17	17	16	1	1	1	1	1	1	1	1	1	1	1	1	1	1	1
1	1	1	1	1	1	1	1	1	1	1	1	1	16	17	17	17	17	17	17	17	17	17	16	1	1	1	1	1	1	1	1	1	1	1	1	1	1	1
1	1	1	1	16	16	16	16	16	16	16	16	16	16	14	14	14	14	14	14	14	14	14	16	16	16	16	16	16	16	16	16	1	1	1	1	1	1	1
1	1	1	1	16	17	17	17	17	17	17	17	17	17	14	14	14	14	14	14	14	14	14	17	17	17	17	17	17	17	17	17	1	1	1	1	1	1	1
1	1	1	1	17	17	17	17	17	17	17	17	17	17	14	14	14	14	14	14	14	14	14	17	17	17	17	17	17	17	17	17	1	1	1	1	1	1	1
1	1	1	1	17	17	17	17	17	17	17	17	17	17	14	14	14	14	14	14	14	14	14	17	17	17	0	17	17	17	17	17	1	1	1	1	1	1	1
1	1	1	1	17	14	14	14	14	14	14	14	14	14	14	14	14	14	14	14	14	14	14	14	14	14	14	14	14	14	0	1	1	1	1	1	1	1	1
1	1	1	0	14	14	14	14	14	14	14	14	14	14	14	14	14	14	14	14	14	14	14	14	14	14	14	14	14	16	16	16	16	16	16	16	1	1	1
1	1	1	1	16	14	14	14	14	14	14	14	14	14	14	14	14	14	14	14	14	14	14	14	14	14	14	14	14	17	17	17	17	17	17	16	1	1	1
1	1	1	1	16	14	14	14	14	14	14	14	14	14	14	14	14	14	14	14	14	14	14	14	14	14	14	14	14	17	17	17	17	17	17	16	1	1	1
1	1	1	1	16	14	14	14	14	14	14	14	14	14	14	14	14	14	14	14	14	14	14	14	14	14	14	14	14	17	17	17	17	17	17	16	1	1	1
1	1	1	1	16	14	14	14	14	14	14	14	14	14	14	14	14	14	14	14	14	14	14	14	14	14	14	14	14	14	14	14	14	14	14	16	1	1	1
1	1	1	1	16	16	14	14	14	16	16	16	16	16	16	16	16	14	14	14	16	16	16	16	16	14	14	14	14	14	14	14	14	14	14	16	1	1	1
1	1	1	1	1	16	18	18	18	16	1	1	1	1	1	1	16	14	14	14	16	1	1	1	16	14	14	14	14	14	14	14	14	14	14	16	1	1	1
1	1	1	1	1	16	18	18	18	16	1	1	1	1	1	1	16	14	14	14	16	1	1	1	16	14	14	14	14	14	14	14	14	14	14	16	1	1	1
1	1	1	1	1	16	18	18	18	16	1	1	1	1	1	1	16	14	14	14	16	1	1	1	16	14	14	14	14	14	14	14	14	14	14	16	1	1	1
1	1	1	1	1	16	0	0	0	16	1	1	1	1	16	16	16	14	14	14	16	16	16	1	16	16	16	16	16	16	14	14	14	14	14	16	1	1	1
1	1	1	1	1	1	1	1	1	1	1	1	1	1	17	17	17	14	14	14	17	17	17	1	1	1	1	1	1	16	14	14	14	14	14	16	1	1	1
1	1	1	1	1	1	1	1	1	1	1	1	1	1	17	17	17	14	14	14	17	17	17	1	1	1	1	1	1	16	14	14	14	14	14	16	1	1	1	
1	1	1	1	1	1	1	1	1	1	1	1	1	1	17	17	17	14	14	14	17	17	17	1	1	1	1	1	1	16	14	14	14	14	14	16	1	1	1	
1	1	1	1	1	1	1	1	1	1	1	1	1	0	14	14	14	14	14	14	14	14	14	0	1	1	1	1	1	16	14	14	14	14	14	16	1	1	1	
1	1	1	1	1	1	1	1	1	1	1	1	1	1	16	14	14	14	14	14	14	14	16	1	1	1	1	1	1	16	14	14	14	14	14	16	1	1	1	
1	1	1	1	1	1	1	1	1	1	1	1	1	1	16	14	14	14	14	14	14	14	16	1	1	1	1	1	1	16	14	14	14	14	14	16	1	1	1	
1	1	1	1	1	1	1	1	1	1	1	1	1	1	16	14	14	14	14	14	14	14	16	1	1	1	1	1	1	16	14	14	14	14	14	16	1	1	1	
1	1	1	1	1	1	1	1	1	1	1	1	1	1	16	16	16	16	16	16	16	16	16	1	1	1	1	16	16	16	14	14	14	14	14	16	1	1	1	
1	1	1	1	1	1	1	1	1	1	1	1	1	1	1	1	1	1	1	1	1	1	1	1	1	1	1	16	17	17	14	14	14	14	14	16	1	1	1	
1	1	1	1	1	1	1	1	1	1	1	1	1	1	1	1	1	1	1	1	1	1	1	1	1	1	1	16	17	17	14	14	14	14	14	16	1	1	1	
1	1	1	1	1	1	1	1	1	1	1	1	1	1	1	1	1	1	1	1	1	1	1	1	1	1	1	16	17	17	14	14	14	14	14	16	1	1	1	
1	1	1	1	1	1	1	1	1	1	1	1	1	1	1	1	1	1	1	1	1	1	1	1	1	1	1	16	14	14	14	14	14	16	16	16	1	1	1	
1	1	1	1	1	1	1	1	1	1	1	1	1	1	1	1	1	1	1	1	1	1	1	1	1	1	1	17	14	14	14	14	14	17	1	1	1	1	1	
1	1	1	1	1	1	1	1	1	1	1	1	1	1	1	1	1	1	1	1	1	1	1	1	1	1	1	17	14	14	14	14	14	17	1	1	1	1	1	
1	1	1	1	1	1	1	1	1	1	1	1	1	1	1	1	1	1	1	1	1	1	1	1	1	1	1	17	14	14	14	14	14	17	1	1	1	1	1	
1	1	1	1	1	1	1	1	1	1	1	1	1	1	1	1	1	1	1	1	1	1	1	1	1	1	0	14	14	14	14	14	14	14	0	1	1	1	1	
1	1	1	1	1	1	1	1	1	1	1	1	1	1	1	1	1	1	1	1	1	1	1	1	1	1	1	16	14	14	14	14	14	16	1	1	1	1	1	
1	1	1	1	1	1	1	1	1	1	1	1	1	1	1	1	1	1	1	1	1	1	1	1	1	1	1	16	16	16	16	16	16	16	1	1	1	1	1	
1	1	1	1	1	1	1	1	1	1	1	1	1	1	1	1	1	1	1	1	1	1	1	1	1	1	1	1	1	1	1	1	1	1	1	1	1	1	1
1	1	1	1	1	1	1	1	1	1	1	1	1	1	1	1	1	1	1	1	1	1	1	1	1	1	1	1	1	1	1	1	1	1	1	1	1	1	1
1	1	1	1	1	1	1	1	1	1	1	1	1	1	1	1	1	1	1	1	1	1	1	1	1	1	1	1	1	1	1	1	1	1	1	1	1	1	1
30 6 21
30 7 21
30 8 21
31 3 12
32 13 25
33 23 25
34 26 10
35 30 11
36 26 37
37 34 37
109 11 16
110 15 9
111 17 28
112 34 30
113 34 27
114 34 24
115 34 21
116 30 21
117 30 24
118 30 27
101 33 31
101 34 31
101 33 28
101 34 28
101 33 25
101 34 25
101 33 22
101 34 22
101 30 22
101 31 22
101 30 25
101 31 25
101 30 28
101 31 28
101 25 11
134 7 10
135 29 32
48 1056 672
48 1056 768
48 1056 864
48 1056 960
48 960 672 
48 960 768
48 960 864
55 464 752
56 688 752
31 800 352