27 35
13 30
6
0
0 0
1	1	1	1	1	1	1	1	1	1	1	1	1	1	1	1	1	1	1	1	1	1	1	1	1	1	1
1	1	1	1	1	1	1	1	1	1	1	1	1	1	1	1	1	1	1	1	1	1	1	1	1	1	1
1	1	1	1	1	1	1	1	1	1	1	1	1	1	1	1	1	1	1	1	1	1	1	1	1	1	1
1	1	1	32	32	32	32	32	32	32	32	32	32	32	32	32	32	32	32	32	32	32	32	32	1	1	1
1	1	1	32	33	33	33	33	33	33	33	33	33	33	33	33	33	33	33	33	33	33	33	32	1	1	1
1	1	1	32	33	33	33	33	33	33	33	33	33	33	33	33	33	33	33	33	33	33	33	32	1	1	1
1	1	1	32	33	33	33	33	33	33	33	33	33	0	33	33	33	33	33	33	33	33	33	32	1	1	1
1	1	1	32	26	26	26	26	26	26	26	26	26	26	26	26	26	26	26	26	26	26	26	32	1	1	1
1	1	1	32	26	26	26	26	26	26	26	26	26	26	26	26	26	26	26	26	26	26	26	32	1	1	1
1	1	1	32	26	26	26	26	26	26	26	26	26	26	26	26	26	26	26	26	26	26	26	32	1	1	1
1	1	1	32	26	26	26	26	26	26	26	26	26	26	26	26	26	26	26	26	26	26	26	32	1	1	1
1	1	1	32	26	26	26	26	26	26	26	26	26	26	26	26	26	26	26	26	26	26	26	32	1	1	1
1	1	1	32	26	26	26	26	26	26	26	26	26	26	26	26	26	26	26	26	26	26	26	32	1	1	1
1	1	1	32	26	26	26	26	26	26	26	26	26	26	26	26	26	26	26	26	26	26	26	32	1	1	1
1	1	1	32	26	26	26	26	26	26	26	26	26	26	26	26	26	26	26	26	26	26	26	32	1	1	1
1	1	1	32	26	26	26	26	26	26	26	26	26	26	26	26	26	26	26	26	26	26	26	32	1	1	1
1	1	1	32	26	26	26	26	26	26	26	26	26	26	26	26	26	26	26	26	26	26	26	32	1	1	1
1	1	1	32	26	26	26	26	26	26	26	26	26	26	26	26	26	26	26	26	26	26	26	32	1	1	1
1	1	1	32	26	26	26	26	26	26	26	26	26	26	26	26	26	26	26	26	26	26	26	32	1	1	1
1	1	1	32	26	26	26	26	26	26	26	26	26	26	26	26	26	26	26	26	26	26	26	32	1	1	1
1	1	1	32	26	26	26	26	26	26	26	26	26	26	26	26	26	26	26	26	26	26	26	32	1	1	1
1	1	1	32	26	26	26	26	26	26	26	26	26	26	26	26	26	26	26	26	26	26	26	32	1	1	1
1	1	1	32	26	26	26	26	26	26	26	26	26	26	26	26	26	26	26	26	26	26	26	32	1	1	1
1	1	1	32	26	26	26	26	26	26	26	26	26	26	26	26	26	26	26	26	26	26	26	32	1	1	1
1	1	1	32	26	26	26	26	26	26	26	26	26	26	26	26	26	26	26	26	26	26	26	32	1	1	1
1	1	1	32	32	32	32	32	32	32	32	32	26	26	26	32	32	32	32	32	32	32	32	32	1	1	1	
1	1	1	1	1	1	1	1	1	1	1	1	18	18	18	1	1	1	1	1	1	1	1	1	1	1	1
1	1	1	1	1	1	1	1	1	1	1	1	18	18	18	1	1	1	1	1	1	1	1	1	1	1	1
1	1	1	1	1	1	1	1	1	1	1	1	18	18	18	1	1	1	1	1	1	1	1	1	1	1	1
1	1	1	1	1	1	1	1	1	1	1	1	18	18	18	1	1	1	1	1	1	1	1	1	1	1	1
1	1	1	1	1	1	1	1	1	1	1	1	18	18	18	1	1	1	1	1	1	1	1	1	1	1	1
1	1	1	1	1	1	1	1	1	1	1	1	0	0	0	1	1	1	1	1	1	1	1	1	1	1	1
1	1	1	1	1	1	1	1	1	1	1	1	1	1	1	1	1	1	1	1	1	1	1	1	1	1	1
1	1	1	1	1	1	1	1	1	1	1	1	1	1	1	1	1	1	1	1	1	1	1	1	1	1	1
1	1	1	1	1	1	1	1	1	1	1	1	1	1	1	1	1	1	1	1	1	1	1	1	1	1	1
398 13 6
399 12 31
399 13 31
399 14 31
675 7 10
676 19 16
4