6 24
3 4
2
181 188 188 188 183 2
186 170 170 170 187 2
186 176 176 176 170 2
186 80  80  80  176 2
186 80  80  80  80  1
186 80  80  80  184 2
186 80  80  80  184 2
186 80  80  80  184 2
186 80  80  80  184 2
186 80  80  80  184 2
186 80  80  80  184 2
186 80  80  80  184 2
186 80  80  80  184 2
186 80  80  80  184 2
186 80  80  80  184 2
186 80  80  80  184 2
186 80  80  80  184 2
186 80  80  80  184 2
186 80  80  80  187 2
186 80  80  80  170 2
186 80  80  80  176 2
186 80  80  80  80  1
186 80  80  80  187 2
187 188 188 188 189 2
11 5 21
12 5 4
