7 17
5 8
6
3 2
2   186 2   2   2   186 2
2   186 1   1   1   186 2
2   186 95  96  97  186 2
2   186 98  99  100 186 2
2   186 98  99  100 186 2
2   186 98  99  100 186 2
2   186 98  99  100 186 2
2   186 98  99  100 186 2
1   186 98  99  100 186 2 
2   186 98  99  100 186 2
2   186 98  99  100 186 2
2   186 98  99  100 186 2
2   186 98  99  100 186 2
2   186 98  99  100 186 2
2   186 101 102 103 186 2
2   186 1   1   1   186 2
2   186 2   2   2   186 2
18 2 15
18 3 15
18 4 15
19 2 1
19 3 1
19 4 1
6 10
4 1


