7 22
5 8
8
0 0
2   186 2   2   2   186 2
2   186 1   1   1   186 2
2   186 91  91  91  186 2
2   186 91  91  91  186 2
2   186 91  91  91  186 2
2   188 91  91  91  188 2
2   170 91  91  91  170 2
2   176 91  91  91  176 2
1   91  91  91  91  91  1
2   186 91  91  91  186 2
2   186 91  91  91  186 2
2   186 91  91  91  186 2
2   186 91  91  91  186 2
2   186 91  91  91  186 2
2   188 91  91  91  188 2
2   170 91  91  91  170 2
2   176 91  91  91  176 2
1   91  91  91  91  91  1
2   186 91  91  91  186 2
2   186 91  91  91  186 2
2   186 91  91  91  186 2
2   2   2   2   2   2   2
15 6 17
17 2 1
17 3 1
17 4 1
22 0 8
23 0 17
24 6 8
78 4 13
