39 55
5 12
10
0
0 0
1	1	1	1	1	1	1	1	1	1	1	1	1	1	1	1	1	1	1	1	1	1	1	1	1	1	1	1	1	1	1	1	1	1	1	1	1	1	1
1	1	1	1	1	1	1	1	1	1	1	1	1	1	1	1	1	1	1	1	1	1	1	1	1	1	1	1	1	1	1	1	1	1	1	1	1	1	1
1	1	1	1	1	1	1	1	1	1	1	1	1	1	1	1	1	1	1	1	1	1	1	1	1	1	1	1	1	1	1	1	1	1	1	1	1	1	1
1	1	1	16	16	16	16	16	16	16	16	16	16	16	16	16	16	16	16	16	16	16	16	16	16	16	16	16	16	16	16	16	16	16	16	16	1	1	1
1	1	1	16	17	17	17	17	17	17	17	17	17	17	17	17	17	17	17	16	17	17	17	17	17	17	17	17	17	17	17	17	17	17	17	16	1	1	1
1	1	1	16	17	17	17	17	17	17	17	17	17	17	17	17	17	17	17	16	17	17	17	17	17	17	17	17	17	17	17	17	17	17	17	16	1	1	1
1	1	1	16	17	17	17	17	17	17	17	17	17	17	17	17	17	17	17	16	17	17	17	17	17	17	17	17	17	17	17	17	17	17	17	16	1	1	1
1	1	1	16	27	27	27	27	27	27	27	27	27	27	27	27	27	27	27	16	27	27	27	27	27	27	27	27	27	27	27	27	27	27	27	16	1	1	1
1	1	1	16	27	27	27	27	27	27	27	27	27	27	27	27	27	27	27	16	27	27	27	27	27	27	27	27	27	27	27	27	27	27	27	16	1	1	1
1	1	1	16	27	27	27	27	27	27	27	27	27	27	27	27	27	27	27	16	27	27	27	27	27	27	27	27	27	27	27	27	27	27	27	16	1	1	1
1	1	1	16	27	27	27	27	27	27	27	27	27	27	27	27	27	27	27	16	27	27	27	27	27	27	27	27	27	27	27	27	27	27	27	16	1	1	1
1	1	1	16	27	27	27	27	27	27	27	27	27	27	27	27	27	27	27	16	27	27	27	27	27	27	27	27	27	27	27	27	27	27	27	16	1	1	1
1	1	1	16	16	27	16	16	16	16	16	16	27	27	27	16	16	16	16	16	27	27	27	16	16	16	16	16	16	16	16	16	16	27	16	16	1	1	1
1	1	1	1	1	0	1	1	1	1	1	16	27	27	27	17	17	17	17	17	27	27	27	17	17	17	17	16	1	1	1	1	1	0	1	1	1	1	1
1	1	1	1	1	1	1	1	1	1	1	16	27	27	27	17	17	17	17	17	27	27	27	17	17	17	17	16	1	1	1	1	1	1	1	1	1	1	1
1	1	1	1	1	1	1	1	1	1	1	16	27	27	27	17	17	17	17	17	27	27	27	17	17	17	17	16	1	1	1	1	1	1	1	1	1	1	1
1	1	1	1	1	1	1	1	1	1	1	16	27	27	27	27	27	27	27	27	27	27	27	27	27	27	27	16	1	1	1	1	1	1	1	1	1	1	1
1	1	1	1	1	1	1	1	1	1	16	16	27	27	27	27	27	27	27	27	27	27	27	27	27	27	27	16	16	1	1	1	1	1	1	1	1	1	1
1	1	1	1	1	1	1	1	1	1	17	17	27	27	27	16	27	27	27	27	27	27	27	16	27	27	27	17	17	1	1	1	1	1	1	1	1	1	1
1	1	1	1	1	1	1	1	1	1	17	17	27	27	27	16	27	27	27	27	27	27	27	16	27	27	27	17	17	1	1	1	1	1	1	1	1	1	1
1	1	1	1	1	1	1	1	1	1	17	17	27	27	27	16	27	27	27	27	27	27	27	16	27	27	27	17	17	1	1	1	1	1	1	1	1	1	1
1	1	1	1	1	1	1	1	1	0	27	27	27	27	27	16	27	27	27	27	27	27	27	16	27	27	27	27	27	0	1	1	1	1	1	1	1	1	1
1	1	1	1	1	1	1	1	1	1	16	16	27	27	27	16	27	27	27	27	27	27	27	16	27	27	27	16	16	1	1	1	1	1	1	1	1	1	1
1	1	1	1	1	1	1	1	1	1	1	16	27	27	27	16	27	27	27	27	27	27	27	16	27	27	27	16	1	1	1	1	1	1	1	1	1	1	1
1	1	1	1	1	1	1	1	1	1	1	16	27	27	27	17	27	27	27	27	27	27	27	17	27	27	27	16	1	1	1	1	1	1	1	1	1	1	1
1	1	1	1	1	1	1	1	1	1	16	16	27	27	27	27	27	27	27	27	27	27	27	27	27	27	27	16	16	1	1	1	1	1	1	1	1	1	1
1	1	1	1	1	1	1	1	1	1	17	17	27	27	27	16	27	27	27	27	27	27	27	16	27	27	27	17	17	1	1	1	1	1	1	1	1	1	1
1	1	1	1	1	1	1	1	1	1	17	17	27	27	27	16	27	27	27	27	27	27	27	16	27	27	27	17	17	1	1	1	1	1	1	1	1	1	1
1	1	1	1	1	1	1	1	1	1	17	17	27	27	27	16	27	27	27	27	27	27	27	16	27	27	27	17	17	1	1	1	1	1	1	1	1	1	1
1	1	1	1	1	1	1	1	1	0	27	27	27	27	27	16	27	27	27	27	27	27	27	16	27	27	27	27	27	0	1	1	1	1	1	1	1	1	1
1	1	1	1	1	1	1	1	1	1	16	16	27	27	27	16	27	27	27	27	27	27	27	16	27	27	27	16	16	1	1	1	1	1	1	1	1	1	1
1	1	1	1	1	1	1	1	1	1	1	16	27	27	27	16	27	27	27	27	27	27	27	16	27	27	27	16	1	1	1	1	1	1	1	1	1	1	1
1	1	1	1	1	1	1	1	1	1	1	16	27	27	27	17	27	27	27	27	27	27	27	17	27	27	27	16	1	1	1	1	1	1	1	1	1	1	1
1	1	1	1	1	1	1	1	1	1	16	16	27	27	27	27	27	27	27	27	27	27	27	27	27	27	27	16	16	1	1	1	1	1	1	1	1	1	1
1	1	1	1	1	1	1	1	1	1	17	17	27	27	27	27	27	27	27	16	27	27	27	27	27	27	27	17	17	1	1	1	1	1	1	1	1	1	1
1	1	1	1	1	1	1	1	1	1	17	17	27	27	27	27	27	27	27	16	27	27	27	27	27	27	27	17	17	1	1	1	1	1	1	1	1	1	1
1	1	1	1	1	1	1	1	1	1	17	17	27	27	27	27	27	27	27	16	27	27	27	27	27	27	27	17	17	1	1	1	1	1	1	1	1	1	1
1	1	1	1	1	1	1	1	1	0	27	27	27	27	27	27	27	27	27	16	27	27	27	27	27	27	27	27	27	0	1	1	1	1	1	1	1	1	1
1	1	1	1	1	1	1	1	1	1	16	16	27	27	27	16	16	16	16	16	16	16	16	16	27	27	27	16	16	1	1	1	1	1	1	1	1	1	1
1	1	1	1	1	1	1	1	1	1	1	16	27	27	27	17	17	17	17	16	17	17	17	17	27	27	27	16	1	1	1	1	1	1	1	1	1	1	1
1	1	1	1	1	1	1	1	1	1	1	16	27	27	27	27	27	27	27	16	27	27	27	27	27	27	27	16	1	1	1	1	1	1	1	1	1	1	1
1	1	1	1	1	1	1	1	1	1	1	16	27	27	27	27	27	27	27	16	27	27	27	27	27	27	27	16	1	1	1	1	1	1	1	1	1	1	1
1	1	1	1	16	16	16	16	16	16	16	16	27	27	27	27	27	27	27	16	27	27	27	27	27	27	27	16	16	16	16	16	16	16	16	1	1	1	1
1	1	1	1	16	17	17	17	17	17	17	17	27	27	27	27	27	27	27	17	27	27	27	27	27	27	27	17	17	17	17	17	17	17	16	1	1	1	1
1	1	1	1	16	17	17	17	17	17	17	17	27	27	27	27	27	27	27	27	27	27	27	27	27	27	27	17	17	17	17	17	17	17	16	1	1	1	1
1	1	1	1	16	0	17	17	17	17	17	17	27	27	27	27	27	27	27	27	27	27	27	27	27	27	27	17	17	17	17	17	17	0	16	1	1	1	1
1	1	1	1	16	27	27	27	27	27	27	27	27	27	27	27	27	27	27	27	27	27	27	27	27	27	27	27	27	27	27	27	27	27	16	1	1	1	1
1	1	1	1	16	27	27	27	27	27	27	27	27	27	27	27	27	27	27	27	27	27	27	27	27	27	27	27	27	27	27	27	27	27	16	1	1	1	1
1	1	1	1	16	27	27	27	27	27	27	27	27	27	27	27	27	27	27	27	27	27	27	27	27	27	27	27	27	27	27	27	27	27	16	2	1	1	1
1	1	1	1	16	27	27	27	27	27	27	27	27	27	27	27	27	27	27	27	27	27	27	27	27	27	27	27	27	27	27	27	27	27	16	1	1	1	1
1	1	1	1	16	27	27	27	27	27	27	27	27	27	27	27	27	27	27	27	27	27	27	27	27	27	27	27	27	27	27	27	27	27	16	1	1	1	1
1	1	1	1	16	16	16	16	16	16	16	16	16	16	16	16	16	16	16	16	16	16	16	16	16	16	16	16	16	16	16	16	16	16	16	1	1	1	1
1	1	1	1	1	1	1	1	1	1	1	1	1	1	1	1	1	1	1	1	1	1	1	1	1	1	1	1	1	1	1	1	1	1	1	1	1	1	1
1	1	1	1	1	1	1	1	1	1	1	1	1	1	1	1	1	1	1	1	1	1	1	1	1	1	1	1	1	1	1	1	1	1	1	1	1	1	1
1	1	1	1	1	1	1	1	1	1	1	1	1	1	1	1	1	1	1	1	1	1	1	1	1	1	1	1	1	1	1	1	1	1	1	1	1	1	1
153 5 13
154 33 13
155 29 21
156 29 29
157 29 37
158 9 21
159 9 29
160 9 37
161 5 45
162 33 45