17 19
11 13
3
0
0 0
1	1	1	1	1	1	1	1	1	1	1	1	1	1	1	1	1
1	1	1	1	1	1	1	1	1	1	1	1	1	1	1	1	1
1	1	1	1	1	1	1	1	1	1	1	1	1	1	1	1	1
1	1	1	16	16	16	16	16	16	16	16	16	1	1	1	1	1
1	1	1	16	17	17	17	17	17	17	17	17	1	1	1	1	1
1	1	1	16	17	17	17	17	17	17	17	17	1	0	1	1	1
1	1	1	16	17	17	17	17	17	17	17	17	20	0	1	1	1
1	1	1	16	27	27	27	27	27	27	27	20	1	1	1	1	1
1	1	1	16	27	27	27	27	27	27	27	16	1	1	1	1	1
1	1	1	16	27	27	27	27	27	27	27	16	1	1	1	1	1
1	1	1	16	27	27	27	27	27	27	27	17	1	1	1	1	1
1	1	1	16	27	27	27	27	27	27	27	17	1	1	1	1	1
1	1	1	16	27	27	27	27	27	27	27	17	1	1	1	1	1
1	1	1	16	27	27	27	27	27	27	27	27	0	1	1	1	1
1	1	1	16	27	27	27	27	27	27	27	16	1	1	1	1	1
1	1	1	16	16	16	16	16	16	16	16	16	1	1	1	1	1
1	1	1	1	1	1	1	1	1	1	1	1	1	1	1	1	1
1	1	1	1	1	1	1	1	1	1	1	1	1	1	1	1	1
1	1	1	1	1	1	1	1	1	1	1	1	1	1	1	1	1
175 12 13
176 13 5
176 13 6
