28 31
16 12
4
0
0 0
1	1	1	1	1	1	1	1	1	1	1	1	1	1	1	1	1	1	1	1	1	1	1	1	1	1	1	1
1	1	1	1	1	1	1	1	1	1	1	1	1	1	1	1	1	1	1	1	1	1	1	1	1	1	1	1
1	1	1	1	1	1	1	1	1	1	1	1	1	1	1	1	1	1	1	1	1	1	1	1	1	1	1	1
1	1	1	1	16	16	16	16	16	1	1	1	1	16	16	16	16	16	16	16	1	1	1	1	1	1	1	1
1	1	1	1	16	17	17	17	16	1	1	1	16	16	17	17	17	17	17	16	16	1	1	1	1	1	1	1
1	1	1	1	17	17	17	17	16	1	1	16	16	17	17	17	17	17	17	17	16	16	1	1	1	1	1	1
1	1	1	1	17	17	17	17	16	1	16	16	17	17	17	17	17	17	17	17	17	16	16	1	1	1	1	1
1	1	1	1	17	27	27	27	16	16	16	17	17	17	27	27	27	27	27	17	17	17	16	16	1	1	1	1
1	1	1	0	27	27	27	27	16	16	17	17	17	27	27	27	27	27	27	27	17	17	17	16	16	1	1	1
1	1	1	1	16	27	27	27	16	17	17	17	27	27	27	27	27	27	27	27	27	17	17	17	16	1	1	1
1	1	1	1	16	27	27	27	16	17	17	27	27	27	27	27	27	27	27	27	27	27	17	17	16	1	1	1
1	1	1	1	16	18	18	18	16	17	27	27	27	27	27	27	27	27	27	27	27	27	27	17	16	1	1	1
1	1	1	1	16	18	18	18	17	27	27	27	27	27	27	27	27	27	16	16	16	16	16	16	16	1	1	1
1	1	1	1	17	18	18	18	17	27	27	27	27	27	27	27	27	27	16	17	17	17	17	17	16	1	1	1
1	1	1	1	17	27	27	27	17	27	27	27	27	27	27	27	27	27	16	17	17	17	17	17	16	1	1	1
1	1	1	1	17	27	27	27	27	27	27	27	27	27	27	27	27	27	16	17	17	17	17	17	16	1	1	1
1	1	1	0	27	27	27	27	27	27	27	27	27	27	27	27	27	27	16	27	27	27	27	0	16	1	1	1
1	1	1	1	16	27	27	27	27	27	27	27	27	27	27	27	27	27	16	27	27	27	27	27	16	1	1	1
1	1	1	1	16	27	27	27	16	27	27	27	27	27	27	27	27	27	16	27	27	27	27	27	16	1	1	1
1	1	1	1	16	18	18	18	16	27	27	27	27	27	27	27	27	27	17	27	27	27	27	27	16	1	1	1
1	1	1	1	16	18	18	18	16	27	27	27	27	27	27	27	27	27	17	27	27	27	27	27	16	1	1	1
1	1	1	1	16	18	18	18	16	27	27	27	27	27	27	27	27	27	17	27	27	27	27	27	16	1	1	1
1	1	1	1	17	27	27	27	16	16	27	27	27	27	27	27	27	27	27	27	27	27	27	16	16	1	1	1
1	1	1	1	17	27	27	27	16	16	16	27	27	27	27	27	27	27	27	27	27	27	16	16	1	1	1	1
1	1	1	1	17	27	27	27	16	1	16	16	27	27	27	27	27	27	27	27	27	16	16	1	1	1	1	1
1	1	1	0	27	27	27	27	16	1	1	16	16	27	27	27	27	27	27	27	16	16	1	1	1	1	1	1
1	1	1	1	16	27	27	27	16	1	1	1	16	16	27	27	27	27	27	16	16	1	1	1	1	1	1	1
1	1	1	1	16	16	16	16	16	1	1	1	1	16	16	16	16	16	16	16	1	1	1	1	1	1	1	1
1	1	1	1	1	1	1	1	1	1	1	1	1	1	1	1	1	1	1	1	1	1	1	1	1	1	1	1
1	1	1	1	1	1	1	1	1	1	1	1	1	1	1	1	1	1	1	1	1	1	1	1	1	1	1	1
1	1	1	1	1	1	1	1	1	1	1	1	1	1	1	1	1	1	1	1	1	1	1	1	1	1	1	1
169 23 16
170 3 8
171 3 16
172 3 25