27 33
22 16
9
0
0 0
1	1	1	1	1	1	1	1	1	1	1	1	1	1	1	1	1	1	1	1	1	1	1	1	1	1	1
1	1	1	1	1	1	1	1	1	1	1	1	1	1	1	1	1	1	1	1	1	1	1	1	1	1	1
1	1	1	1	1	1	1	1	1	1	1	1	1	1	1	1	1	1	1	1	1	1	1	1	1	1	1
1	1	1	1	16	16	16	16	16	16	16	16	16	16	16	16	16	16	16	16	16	16	16	1	1	1	1
1	1	1	1	16	17	17	17	17	17	17	17	17	17	17	17	17	17	17	17	17	17	16	1	1	1	1
1	1	1	1	16	17	17	17	17	17	17	17	17	17	17	17	17	17	17	17	17	17	16	1	1	1	1
1	1	1	1	16	17	17	17	17	17	17	17	17	17	17	17	17	17	17	17	17	17	16	1	1	1	1
1	1	1	1	16	14	14	14	14	14	14	14	14	14	14	14	14	14	14	14	14	14	16	1	1	1	1
1	1	1	1	16	14	14	14	14	14	14	14	14	14	14	14	14	14	14	14	14	14	16	1	1	1	1
1	1	1	1	16	14	14	14	14	14	14	14	14	14	14	14	14	14	14	14	14	14	16	1	1	1	1
1	1	1	1	16	14	14	14	14	14	14	14	14	14	14	14	14	14	14	14	14	14	16	1	1	1	1
1	1	1	1	16	14	14	14	14	14	14	14	14	14	14	14	14	14	14	14	14	14	16	1	1	1	1
1	1	1	1	16	14	14	14	14	14	14	14	14	14	14	14	14	14	14	14	14	14	16	1	1	1	1
1	1	1	1	17	14	14	14	14	14	14	17	17	17	17	17	14	14	14	14	14	14	17	1	1	1	1
1	1	1	1	17	14	14	14	14	14	14	17	17	17	17	17	14	14	14	14	14	14	17	1	1	1	1
1	1	1	1	17	14	14	14	14	14	14	17	17	17	17	17	14	14	14	14	14	14	17	1	1	1	1
1	1	1	0	14	14	14	14	14	14	14	17	17	17	17	17	14	14	14	14	14	14	14	0	1	1	1
1	1	1	1	16	14	14	14	14	14	14	1	1	1	1	1	14	14	14	14	14	14	16	1	1	1	1
1	1	1	1	16	14	14	14	14	14	14	1	1	1	1	1	14	14	14	14	14	14	16	1	1	1	1
1	1	1	1	16	14	14	14	14	14	14	1	1	1	1	1	14	14	14	14	14	14	16	1	1	1	1
1	1	1	1	16	14	14	14	14	14	14	1	1	1	1	1	14	14	14	14	14	14	16	1	1	1	1
1	1	1	1	16	14	14	14	14	14	14	1	1	0	1	1	14	14	14	14	14	14	16	1	1	1	1
1	1	1	1	16	14	14	14	14	14	14	14	14	14	14	14	14	14	14	14	14	14	16	1	1	1	1
1	1	1	1	16	14	14	14	14	14	14	14	14	14	14	14	14	14	14	14	14	14	16	1	1	1	1
1	1	1	1	16	14	14	14	14	14	14	14	14	14	14	14	14	14	14	14	14	14	16	1	1	1	1
1	1	1	1	16	14	14	14	14	14	14	14	14	14	14	14	14	14	14	14	14	14	16	1	1	1	1
1	1	1	1	16	14	14	14	14	14	14	14	14	14	14	14	14	14	14	14	14	14	16	1	1	1	1
1	1	1	1	16	14	14	14	14	14	14	14	14	14	14	14	14	14	14	14	14	14	16	1	1	1	1
1	1	1	1	16	16	16	16	16	16	16	16	16	14	16	16	16	16	16	16	16	16	16	1	1	1	1
1	1	1	1	1	1	1	1	1	1	1	1	1	0	1	1	1	1	1	1	1	1	1	1	1	1	1
1	1	1	1	1	1	1	1	1	1	1	1	1	1	1	1	1	1	1	1	1	1	1	1	1	1	1
1	1	1	1	1	1	1	1	1	1	1	1	1	1	1	1	1	1	1	1	1	1	1	1	1	1	1
1	1	1	1	1	1	1	1	1	1	1	1	1	1	1	1	1	1	1	1	1	1	1	1	1	1	1
298 13 21
299 13 6
142 3 16
142 23 16 
142 13 29
352 6 8
353 6 26
354 20 8
355 20 26
10