13 16
3 9
2
0
0 0
1	1	1	1	1	1	1	1	1	1	1	1	1
1	1	1	1	1	1	1	1	1	1	1	1	1
1	1	1	1	1	1	1	1	1	1	1	1	1
1	1	1	16	16	16	16	16	16	16	1	1	1
1	1	1	16	17	17	17	17	17	16	1	1	1
1	1	1	16	17	17	17	17	17	16	1	1	1
1	1	1	16	17	17	17	17	17	17	1	1	1
1	1	1	16	14	14	14	14	14	17	1	1	1
1	1	1	16	14	14	14	14	14	17	1	1	1
1	1	1	16	14	14	14	14	14	14	0	1	1
1	1	1	16	14	14	14	14	14	16	1	1	1
1	1	1	16	14	14	14	14	14	16	1	1	1
1	1	1	16	16	16	16	16	16	16	1	1	1
1	1	1	1	1	1	1	1	1	1	1	1	1
1	1	1	1	1	1	1	1	1	1	1	1	1
1	1	1	1	1	1	1	1	1	1	1	1	1
351 4 9
292 10 9
6