31 22
26 8
4
0
0 0
1	1	1	1	1	1	1	1	1	1	1	1	1	1	1	1	1	1	1	1	1	1	1	1	1	1	1	1	1	1	1
1	1	1	1	1	1	1	1	1	1	1	1	1	1	1	1	1	1	1	1	1	1	1	1	1	1	1	1	1	1	1
1	1	1	1	1	1	1	1	1	1	1	1	1	1	1	1	1	1	1	1	1	1	1	1	1	1	1	1	1	1	1
1	1	1	1	1	1	1	1	1	1	1	16	16	16	16	16	16	16	16	16	16	16	16	16	16	16	16	1	1	1	1
1	1	1	1	1	1	1	1	1	1	1	16	17	17	17	17	17	17	17	17	17	17	17	17	17	17	17	1	1	1	1
1	1	1	1	1	1	1	1	1	1	1	16	17	17	17	17	17	17	17	17	17	17	17	17	17	17	17	1	1	1	1
1	1	1	1	1	1	1	1	1	1	1	16	17	17	17	17	17	17	17	17	17	17	17	17	17	17	17	1	1	1	1
1	1	1	1	1	1	1	1	1	1	1	16	14	14	14	14	14	14	14	14	14	14	14	14	14	14	14	0	1	1	1
1	1	1	1	1	1	1	1	1	1	1	16	14	14	14	14	14	14	14	14	14	14	14	14	14	14	16	1	1	1	1
1	1	1	16	16	16	0	0	0	16	16	16	14	14	14	14	14	14	14	14	14	14	14	14	14	14	16	1	1	1	1
1	1	1	16	17	17	18	18	18	17	17	17	14	14	14	14	14	14	14	14	14	14	14	14	14	14	16	1	1	1	1
1	1	1	16	17	17	18	18	18	17	17	17	14	14	14	14	14	14	14	14	14	14	14	14	14	14	16	1	1	1	1
1	1	1	16	17	17	18	18	18	17	17	17	14	14	14	14	14	14	14	14	14	16	16	16	16	16	16	1	1	1	1
1	1	1	16	14	14	14	14	14	14	14	14	14	14	14	14	14	14	14	14	14	16	1	1	1	1	1	1	1	1	1
1	1	1	16	14	14	14	14	14	14	14	14	14	14	14	14	14	14	14	14	14	16	1	1	1	1	1	1	1	1	1
1	1	1	16	14	14	14	14	14	14	14	14	14	14	14	14	14	14	14	14	14	16	1	1	1	1	1	1	1	1	1
1	1	1	16	14	14	14	14	14	14	14	14	14	14	14	14	14	14	14	14	14	16	1	1	1	1	1	1	1	1	1
1	1	1	16	14	14	14	14	14	14	14	14	14	14	14	14	14	14	14	14	14	16	1	1	1	1	1	1	1	1	1
1	1	1	16	16	16	16	16	16	16	16	16	16	16	16	16	16	16	16	16	16	16	1	1	1	1	1	1	1	1	1
1	1	1	1	1	1	1	1	1	1	1	1	1	1	1	1	1	1	1	1	1	1	1	1	1	1	1	1	1	1	1
1	1	1	1	1	1	1	1	1	1	1	1	1	1	1	1	1	1	1	1	1	1	1	1	1	1	1	1	1	1	1
1	1	1	1	1	1	1	1	1	1	1	1	1	1	1	1	1	1	1	1	1	1	1	1	1	1	1	1	1	1	1
270 27 7
271 6 9
271 7 9
271 8 9